6 13 13 13 13 13 13 13 13 13 13 14 13 13 13 13 13 13 13 10 
4 0 0 0 0 0 0 0 0 0 0 4 0 0 0 0 0 0 0 4 
4 0 0 0 0 0 0 0 0 0 0 4 0 0 0 0 0 0 0 4 
4 0 0 0 0 0 0 0 0 0 0 4 0 0 0 0 0 0 0 4 
4 0 0 0 0 0 0 0 6 13 14 15 10 0 0 0 0 0 0 4 
4 0 0 0 0 0 0 0 4 18 4 18 4 0 0 0 0 0 0 4 
4 0 0 0 0 0 0 0 4 19 4 20 4 0 0 0 0 0 0 4 
4 0 0 0 0 0 0 6 15 13 16 13 15 14 13 9 0 0 0 4 
4 0 0 0 0 0 0 4 17 19 4 20 17 4 19 18 0 0 0 4 
4 0 0 0 0 0 0 4 20 18 8 13 13 16 13 9 0 0 0 4 
4 0 0 0 0 0 0 7 13 13 12 0 0 4 0 0 0 0 0 4 
4 0 0 0 0 0 0 0 0 0 4 0 0 4 0 0 0 0 0 4 
4 0 0 0 0 0 0 0 0 0 7 13 13 11 0 0 0 0 0 4 
4 0 0 0 0 0 0 0 0 0 0 0 0 0 0 0 0 0 0 4 
7 13 13 13 13 13 13 13 13 13 13 13 13 13 13 13 13 13 13 11 
